timestamp,sensorPosition,data_type_name,unit_type,units,value,latitude,longitude,configuration_checksum
2026-08-02T00:05:30.000Z,1,bm_soft_temperature_mean_13bits,temperature,°C,19.88,43.4376833,-70.3491833,0x429b27d9
2026-08-02T00:05:30.000Z,2,aanderaa_abs_speed_mean_15bits,speed,cm/s,3.81,43.4376833,-70.3491833,0x429b27d9
2026-08-02T00:05:30.000Z,2,aanderaa_abs_speed_std_15bits,speed,cm/s,0.9400000000000001,43.4376833,-70.3491833,0x429b27d9
2026-08-02T00:05:30.000Z,2,aanderaa_abs_tilt_mean_8bits,tilt,rad,0.1,43.4376833,-70.3491833,0x429b27d9
2026-08-02T00:05:30.000Z,2,aanderaa_direction_circ_mean_13bits,direction,rad,0.258,43.4376833,-70.3491833,0x429b27d9
2026-08-02T00:05:30.000Z,2,aanderaa_direction_circ_std_13bits,direction,rad,0.201,43.4376833,-70.3491833,0x429b27d9
2026-08-02T00:05:30.000Z,2,aanderaa_reading_count_10bits,reading_count,count,5.0,43.4376833,-70.3491833,0x429b27d9
2026-08-02T00:05:30.000Z,2,aanderaa_std_tilt_mean_8bits,tilt,rad,0.02,43.4376833,-70.3491833,0x429b27d9
2026-08-02T00:05:30.000Z,2,aanderaa_temperature_mean_13bits,temperature,°C,17.12,43.4376833,-70.3491833,0x429b27d9
2026-08-02T00:35:30.000Z,2,aanderaa_direction_circ_mean_13bits,direction,rad,0.20700000000000002,43.4376833,-70.3491833,0x429b27d9
2026-08-02T00:35:30.000Z,1,bm_soft_temperature_mean_13bits,temperature,°C,19.88,43.4376833,-70.3491833,0x429b27d9
2026-08-02T00:35:30.000Z,2,aanderaa_abs_speed_std_15bits,speed,cm/s,0.58,43.4376833,-70.3491833,0x429b27d9
2026-08-02T00:35:30.000Z,2,aanderaa_abs_tilt_mean_8bits,tilt,rad,0.05,43.4376833,-70.3491833,0x429b27d9
2026-08-02T00:35:30.000Z,2,aanderaa_std_tilt_mean_8bits,tilt,rad,0.02,43.4376833,-70.3491833,0x429b27d9
2026-08-02T00:35:30.000Z,2,aanderaa_direction_circ_std_13bits,direction,rad,0.065,43.4376833,-70.3491833,0x429b27d9
2026-08-02T00:35:30.000Z,2,aanderaa_reading_count_10bits,reading_count,count,5.0,43.4376833,-70.3491833,0x429b27d9
2026-08-02T00:35:30.000Z,2,aanderaa_temperature_mean_13bits,temperature,°C,16.97,43.4376833,-70.3491833,0x429b27d9
2026-08-02T00:35:30.000Z,2,aanderaa_abs_speed_mean_15bits,speed,cm/s,4.97,43.4376833,-70.3491833,0x429b27d9
2026-08-02T01:05:30.000Z,2,aanderaa_abs_tilt_mean_8bits,tilt,rad,0.03,43.43775,-70.3492833,0x429b27d9
2026-08-02T01:05:30.000Z,2,aanderaa_direction_circ_mean_13bits,direction,rad,0.033,43.43775,-70.3492833,0x429b27d9
2026-08-02T01:05:30.000Z,1,bm_soft_temperature_mean_13bits,temperature,°C,19.79,43.43775,-70.3492833,0x429b27d9
2026-08-02T01:05:30.000Z,2,aanderaa_abs_speed_mean_15bits,speed,cm/s,3.17,43.43775,-70.3492833,0x429b27d9
2026-08-02T01:05:30.000Z,2,aanderaa_abs_speed_std_15bits,speed,cm/s,0.39,43.43775,-70.3492833,0x429b27d9
2026-08-02T01:05:30.000Z,2,aanderaa_std_tilt_mean_8bits,tilt,rad,0.01,43.43775,-70.3492833,0x429b27d9
2026-08-02T01:05:30.000Z,2,aanderaa_direction_circ_std_13bits,direction,rad,0.47400000000000003,43.43775,-70.3492833,0x429b27d9
2026-08-02T01:05:30.000Z,2,aanderaa_temperature_mean_13bits,temperature,°C,16.8,43.43775,-70.3492833,0x429b27d9
2026-08-02T01:05:30.000Z,2,aanderaa_reading_count_10bits,reading_count,count,5.0,43.43775,-70.3492833,0x429b27d9
2026-08-02T01:35:30.000Z,1,bm_soft_temperature_mean_13bits,temperature,°C,19.62,43.43775,-70.3492833,0x429b27d9
2026-08-02T01:35:30.000Z,2,aanderaa_abs_speed_mean_15bits,speed,cm/s,8.4,43.43775,-70.3492833,0x429b27d9
2026-08-02T01:35:30.000Z,2,aanderaa_abs_speed_std_15bits,speed,cm/s,1.41,43.43775,-70.3492833,0x429b27d9
2026-08-02T01:35:30.000Z,2,aanderaa_direction_circ_mean_13bits,direction,rad,6.16,43.43775,-70.3492833,0x429b27d9
2026-08-02T01:35:30.000Z,2,aanderaa_abs_tilt_mean_8bits,tilt,rad,0.05,43.43775,-70.3492833,0x429b27d9
2026-08-02T01:35:30.000Z,2,aanderaa_reading_count_10bits,reading_count,count,5.0,43.43775,-70.3492833,0x429b27d9
2026-08-02T01:35:30.000Z,2,aanderaa_std_tilt_mean_8bits,tilt,rad,0.01,43.43775,-70.3492833,0x429b27d9
2026-08-02T01:35:30.000Z,2,aanderaa_temperature_mean_13bits,temperature,°C,16.96,43.43775,-70.3492833,0x429b27d9
2026-08-02T01:35:30.000Z,2,aanderaa_direction_circ_std_13bits,direction,rad,0.232,43.43775,-70.3492833,0x429b27d9
2026-08-02T02:05:30.000Z,2,aanderaa_abs_speed_std_15bits,speed,cm/s,0.71,43.43775,-70.3492833,0x429b27d9
2026-08-02T02:05:30.000Z,2,aanderaa_direction_circ_mean_13bits,direction,rad,5.667,43.43775,-70.3492833,0x429b27d9
2026-08-02T02:05:30.000Z,1,bm_soft_temperature_mean_13bits,temperature,°C,19.54,43.43775,-70.3492833,0x429b27d9
2026-08-02T02:05:30.000Z,2,aanderaa_abs_tilt_mean_8bits,tilt,rad,0.04,43.43775,-70.3492833,0x429b27d9
2026-08-02T02:05:30.000Z,2,aanderaa_abs_speed_mean_15bits,speed,cm/s,8.03,43.43775,-70.3492833,0x429b27d9
2026-08-02T02:05:30.000Z,2,aanderaa_std_tilt_mean_8bits,tilt,rad,0.01,43.43775,-70.3492833,0x429b27d9
2026-08-02T02:05:30.000Z,2,aanderaa_temperature_mean_13bits,temperature,°C,16.830000000000002,43.43775,-70.3492833,0x429b27d9
2026-08-02T02:05:30.000Z,2,aanderaa_reading_count_10bits,reading_count,count,5.0,43.43775,-70.3492833,0x429b27d9
2026-08-02T02:05:30.000Z,2,aanderaa_direction_circ_std_13bits,direction,rad,0.212,43.43775,-70.3492833,0x429b27d9
2026-08-02T02:35:30.000Z,2,aanderaa_reading_count_10bits,reading_count,count,5.0,43.4377833,-70.3493167,0x429b27d9
2026-08-02T02:35:30.000Z,2,aanderaa_direction_circ_mean_13bits,direction,rad,5.622,43.4377833,-70.3493167,0x429b27d9
2026-08-02T02:35:30.000Z,2,aanderaa_temperature_mean_13bits,temperature,°C,16.85,43.4377833,-70.3493167,0x429b27d9
2026-08-02T02:35:30.000Z,2,aanderaa_direction_circ_std_13bits,direction,rad,0.078,43.4377833,-70.3493167,0x429b27d9
2026-08-02T02:35:30.000Z,2,aanderaa_std_tilt_mean_8bits,tilt,rad,0.01,43.4377833,-70.3493167,0x429b27d9
2026-08-02T02:35:30.000Z,2,aanderaa_abs_speed_std_15bits,speed,cm/s,0.85,43.4377833,-70.3493167,0x429b27d9
2026-08-02T02:35:30.000Z,1,bm_soft_temperature_mean_13bits,temperature,°C,19.43,43.4377833,-70.3493167,0x429b27d9
2026-08-02T02:35:30.000Z,2,aanderaa_abs_tilt_mean_8bits,tilt,rad,0.03,43.4377833,-70.3493167,0x429b27d9
2026-08-02T02:35:30.000Z,2,aanderaa_abs_speed_mean_15bits,speed,cm/s,5.23,43.4377833,-70.3493167,0x429b27d9
2026-08-02T03:05:30.000Z,2,aanderaa_abs_tilt_mean_8bits,tilt,rad,0.03,43.4377833,-70.3493167,0x429b27d9
2026-08-02T03:05:30.000Z,2,aanderaa_direction_circ_std_13bits,direction,rad,0.189,43.4377833,-70.3493167,0x429b27d9
2026-08-02T03:05:30.000Z,2,aanderaa_std_tilt_mean_8bits,tilt,rad,0.01,43.4377833,-70.3493167,0x429b27d9
2026-08-02T03:05:30.000Z,2,aanderaa_reading_count_10bits,reading_count,count,5.0,43.4377833,-70.3493167,0x429b27d9
2026-08-02T03:05:30.000Z,2,aanderaa_temperature_mean_13bits,temperature,°C,16.900000000000002,43.4377833,-70.3493167,0x429b27d9
2026-08-02T03:05:30.000Z,2,aanderaa_direction_circ_mean_13bits,direction,rad,5.38,43.4377833,-70.3493167,0x429b27d9
2026-08-02T03:05:30.000Z,2,aanderaa_abs_speed_std_15bits,speed,cm/s,0.84,43.4377833,-70.3493167,0x429b27d9
2026-08-02T03:05:30.000Z,2,aanderaa_abs_speed_mean_15bits,speed,cm/s,4.58,43.4377833,-70.3493167,0x429b27d9
2026-08-02T03:05:30.000Z,1,bm_soft_temperature_mean_13bits,temperature,°C,19.400000000000002,43.4377833,-70.3493167,0x429b27d9
2026-08-02T03:35:30.000Z,2,aanderaa_abs_tilt_mean_8bits,tilt,rad,0.03,43.4377833,-70.3493167,0x429b27d9
2026-08-02T03:35:30.000Z,1,bm_soft_temperature_mean_13bits,temperature,°C,19.37,43.4377833,-70.3493167,0x429b27d9
2026-08-02T03:35:30.000Z,2,aanderaa_abs_speed_mean_15bits,speed,cm/s,5.58,43.4377833,-70.3493167,0x429b27d9
2026-08-02T03:35:30.000Z,2,aanderaa_abs_speed_std_15bits,speed,cm/s,2.43,43.4377833,-70.3493167,0x429b27d9
2026-08-02T03:35:30.000Z,2,aanderaa_std_tilt_mean_8bits,tilt,rad,0.01,43.4377833,-70.3493167,0x429b27d9
2026-08-02T03:35:30.000Z,2,aanderaa_direction_circ_std_13bits,direction,rad,0.066,43.4377833,-70.3493167,0x429b27d9
2026-08-02T03:35:30.000Z,2,aanderaa_reading_count_10bits,reading_count,count,5.0,43.4377833,-70.3493167,0x429b27d9
2026-08-02T03:35:30.000Z,2,aanderaa_temperature_mean_13bits,temperature,°C,16.98,43.4377833,-70.3493167,0x429b27d9
2026-08-02T03:35:30.000Z,2,aanderaa_direction_circ_mean_13bits,direction,rad,5.222,43.4377833,-70.3493167,0x429b27d9
2026-08-02T04:05:30.000Z,2,aanderaa_abs_tilt_mean_8bits,tilt,rad,0.02,43.4377333,-70.34935,0x429b27d9
2026-08-02T04:05:30.000Z,2,aanderaa_abs_speed_mean_15bits,speed,cm/s,3.12,43.4377333,-70.34935,0x429b27d9
2026-08-02T04:05:30.000Z,2,aanderaa_abs_speed_std_15bits,speed,cm/s,1.31,43.4377333,-70.34935,0x429b27d9
2026-08-02T04:05:30.000Z,1,bm_soft_temperature_mean_13bits,temperature,°C,19.29,43.4377333,-70.34935,0x429b27d9
2026-08-02T04:05:30.000Z,2,aanderaa_direction_circ_mean_13bits,direction,rad,5.067,43.4377333,-70.34935,0x429b27d9
2026-08-02T04:05:30.000Z,2,aanderaa_std_tilt_mean_8bits,tilt,rad,0.01,43.4377333,-70.34935,0x429b27d9
2026-08-02T04:05:30.000Z,2,aanderaa_temperature_mean_13bits,temperature,°C,17.03,43.4377333,-70.34935,0x429b27d9
2026-08-02T04:05:30.000Z,2,aanderaa_reading_count_10bits,reading_count,count,5.0,43.4377333,-70.34935,0x429b27d9
2026-08-02T04:05:30.000Z,2,aanderaa_direction_circ_std_13bits,direction,rad,0.645,43.4377333,-70.34935,0x429b27d9
2026-08-02T04:35:30.000Z,2,aanderaa_abs_speed_mean_15bits,speed,cm/s,2.91,43.4377333,-70.34935,0x429b27d9
2026-08-02T04:35:30.000Z,2,aanderaa_abs_speed_std_15bits,speed,cm/s,0.98,43.4377333,-70.34935,0x429b27d9
2026-08-02T04:35:30.000Z,2,aanderaa_abs_tilt_mean_8bits,tilt,rad,0.03,43.4377333,-70.34935,0x429b27d9
2026-08-02T04:35:30.000Z,2,aanderaa_direction_circ_mean_13bits,direction,rad,5.611,43.4377333,-70.34935,0x429b27d9
2026-08-02T04:35:30.000Z,1,bm_soft_temperature_mean_13bits,temperature,°C,19.22,43.4377333,-70.34935,0x429b27d9
2026-08-02T04:35:30.000Z,2,aanderaa_reading_count_10bits,reading_count,count,5.0,43.4377333,-70.34935,0x429b27d9
2026-08-02T04:35:30.000Z,2,aanderaa_std_tilt_mean_8bits,tilt,rad,0.01,43.4377333,-70.34935,0x429b27d9
2026-08-02T04:35:30.000Z,2,aanderaa_temperature_mean_13bits,temperature,°C,17.080000000000002,43.4377333,-70.34935,0x429b27d9
2026-08-02T04:35:30.000Z,2,aanderaa_direction_circ_std_13bits,direction,rad,0.788,43.4377333,-70.34935,0x429b27d9
2026-08-02T05:05:30.000Z,1,bm_soft_temperature_mean_13bits,temperature,°C,19.18,43.4377333,-70.34935,0x429b27d9
2026-08-02T05:05:30.000Z,2,aanderaa_abs_speed_mean_15bits,speed,cm/s,4.23,43.4377333,-70.34935,0x429b27d9
2026-08-02T05:05:30.000Z,2,aanderaa_abs_speed_std_15bits,speed,cm/s,1.78,43.4377333,-70.34935,0x429b27d9
2026-08-02T05:05:30.000Z,2,aanderaa_abs_tilt_mean_8bits,tilt,rad,0.03,43.4377333,-70.34935,0x429b27d9
2026-08-02T05:05:30.000Z,2,aanderaa_direction_circ_mean_13bits,direction,rad,5.815,43.4377333,-70.34935,0x429b27d9
2026-08-02T05:05:30.000Z,2,aanderaa_reading_count_10bits,reading_count,count,5.0,43.4377333,-70.34935,0x429b27d9
2026-08-02T05:05:30.000Z,2,aanderaa_std_tilt_mean_8bits,tilt,rad,0.01,43.4377333,-70.34935,0x429b27d9
2026-08-02T05:05:30.000Z,2,aanderaa_temperature_mean_13bits,temperature,°C,17.080000000000002,43.4377333,-70.34935,0x429b27d9
2026-08-02T05:05:30.000Z,2,aanderaa_direction_circ_std_13bits,direction,rad,0.137,43.4377333,-70.34935,0x429b27d9
2026-08-02T05:35:30.000Z,2,aanderaa_abs_tilt_mean_8bits,tilt,rad,0.04,43.4377,-70.3492667,0x429b27d9
2026-08-02T05:35:30.000Z,1,bm_soft_temperature_mean_13bits,temperature,°C,19.19,43.4377,-70.3492667,0x429b27d9
2026-08-02T05:35:30.000Z,2,aanderaa_abs_speed_mean_15bits,speed,cm/s,4.8100000000000005,43.4377,-70.3492667,0x429b27d9
2026-08-02T05:35:30.000Z,2,aanderaa_direction_circ_mean_13bits,direction,rad,5.889,43.4377,-70.3492667,0x429b27d9
2026-08-02T05:35:30.000Z,2,aanderaa_abs_speed_std_15bits,speed,cm/s,0.85,43.4377,-70.3492667,0x429b27d9
2026-08-02T05:35:30.000Z,2,aanderaa_reading_count_10bits,reading_count,count,5.0,43.4377,-70.3492667,0x429b27d9
2026-08-02T05:35:30.000Z,2,aanderaa_temperature_mean_13bits,temperature,°C,17.04,43.4377,-70.3492667,0x429b27d9
2026-08-02T05:35:30.000Z,2,aanderaa_direction_circ_std_13bits,direction,rad,0.199,43.4377,-70.3492667,0x429b27d9
2026-08-02T05:35:30.000Z,2,aanderaa_std_tilt_mean_8bits,tilt,rad,0.01,43.4377,-70.3492667,0x429b27d9
2026-08-02T06:05:30.000Z,2,aanderaa_temperature_mean_13bits,temperature,°C,16.96,43.4377,-70.3492667,0x429b27d9
2026-08-02T06:05:30.000Z,2,aanderaa_std_tilt_mean_8bits,tilt,rad,0.01,43.4377,-70.3492667,0x429b27d9
2026-08-02T06:05:30.000Z,2,aanderaa_direction_circ_std_13bits,direction,rad,0.528,43.4377,-70.3492667,0x429b27d9
2026-08-02T06:05:30.000Z,2,aanderaa_direction_circ_mean_13bits,direction,rad,0.079,43.4377,-70.3492667,0x429b27d9
2026-08-02T06:05:30.000Z,2,aanderaa_reading_count_10bits,reading_count,count,5.0,43.4377,-70.3492667,0x429b27d9
2026-08-02T06:05:30.000Z,2,aanderaa_abs_speed_std_15bits,speed,cm/s,0.61,43.4377,-70.3492667,0x429b27d9
2026-08-02T06:05:30.000Z,2,aanderaa_abs_tilt_mean_8bits,tilt,rad,0.05,43.4377,-70.3492667,0x429b27d9
2026-08-02T06:05:30.000Z,2,aanderaa_abs_speed_mean_15bits,speed,cm/s,2.65,43.4377,-70.3492667,0x429b27d9
2026-08-02T06:05:30.000Z,1,bm_soft_temperature_mean_13bits,temperature,°C,19.11,43.4377,-70.3492667,0x429b27d9
2026-08-02T06:35:30.000Z,1,bm_soft_temperature_mean_13bits,temperature,°C,19.060000000000002,43.4377,-70.3492667,0x429b27d9
2026-08-02T06:35:30.000Z,2,aanderaa_abs_speed_mean_15bits,speed,cm/s,1.43,43.4377,-70.3492667,0x429b27d9
2026-08-02T06:35:30.000Z,2,aanderaa_abs_speed_std_15bits,speed,cm/s,0.5700000000000001,43.4377,-70.3492667,0x429b27d9
2026-08-02T06:35:30.000Z,2,aanderaa_abs_tilt_mean_8bits,tilt,rad,0.04,43.4377,-70.3492667,0x429b27d9
2026-08-02T06:35:30.000Z,2,aanderaa_std_tilt_mean_8bits,tilt,rad,0.02,43.4377,-70.3492667,0x429b27d9
2026-08-02T06:35:30.000Z,2,aanderaa_direction_circ_std_13bits,direction,rad,0.967,43.4377,-70.3492667,0x429b27d9
2026-08-02T06:35:30.000Z,2,aanderaa_reading_count_10bits,reading_count,count,5.0,43.4377,-70.3492667,0x429b27d9
2026-08-02T06:35:30.000Z,2,aanderaa_temperature_mean_13bits,temperature,°C,16.88,43.4377,-70.3492667,0x429b27d9
2026-08-02T06:35:30.000Z,2,aanderaa_direction_circ_mean_13bits,direction,rad,1.674,43.4377,-70.3492667,0x429b27d9
2026-08-02T07:05:30.000Z,2,aanderaa_abs_speed_mean_15bits,speed,cm/s,3.59,43.4376833,-70.3491667,0x429b27d9
2026-08-02T07:05:30.000Z,2,aanderaa_abs_tilt_mean_8bits,tilt,rad,0.02,43.4376833,-70.3491667,0x429b27d9
2026-08-02T07:05:30.000Z,1,bm_soft_temperature_mean_13bits,temperature,°C,18.98,43.4376833,-70.3491667,0x429b27d9
2026-08-02T07:05:30.000Z,2,aanderaa_abs_speed_std_15bits,speed,cm/s,0.54,43.4376833,-70.3491667,0x429b27d9
2026-08-02T07:05:30.000Z,2,aanderaa_reading_count_10bits,reading_count,count,5.0,43.4376833,-70.3491667,0x429b27d9
2026-08-02T07:05:30.000Z,2,aanderaa_direction_circ_mean_13bits,direction,rad,5.808,43.4376833,-70.3491667,0x429b27d9
2026-08-02T07:05:30.000Z,2,aanderaa_direction_circ_std_13bits,direction,rad,0.35100000000000003,43.4376833,-70.3491667,0x429b27d9
2026-08-02T07:05:30.000Z,2,aanderaa_temperature_mean_13bits,temperature,°C,16.59,43.4376833,-70.3491667,0x429b27d9
2026-08-02T07:05:30.000Z,2,aanderaa_std_tilt_mean_8bits,tilt,rad,0.01,43.4376833,-70.3491667,0x429b27d9
2026-08-02T07:35:30.000Z,1,bm_soft_temperature_mean_13bits,temperature,°C,18.94,43.4376833,-70.3491667,0x429b27d9
2026-08-02T07:35:30.000Z,2,aanderaa_abs_speed_mean_15bits,speed,cm/s,3.73,43.4376833,-70.3491667,0x429b27d9
2026-08-02T07:35:30.000Z,2,aanderaa_abs_speed_std_15bits,speed,cm/s,0.29,43.4376833,-70.3491667,0x429b27d9
2026-08-02T07:35:30.000Z,2,aanderaa_reading_count_10bits,reading_count,count,5.0,43.4376833,-70.3491667,0x429b27d9
2026-08-02T07:35:30.000Z,2,aanderaa_abs_tilt_mean_8bits,tilt,rad,0.04,43.4376833,-70.3491667,0x429b27d9
2026-08-02T07:35:30.000Z,2,aanderaa_direction_circ_std_13bits,direction,rad,0.227,43.4376833,-70.3491667,0x429b27d9
2026-08-02T07:35:30.000Z,2,aanderaa_std_tilt_mean_8bits,tilt,rad,0.02,43.4376833,-70.3491667,0x429b27d9
2026-08-02T07:35:30.000Z,2,aanderaa_temperature_mean_13bits,temperature,°C,16.59,43.4376833,-70.3491667,0x429b27d9
2026-08-02T07:35:30.000Z,2,aanderaa_direction_circ_mean_13bits,direction,rad,6.065,43.4376833,-70.3491667,0x429b27d9
2026-08-02T08:05:30.000Z,2,aanderaa_temperature_mean_13bits,temperature,°C,16.59,43.4376833,-70.3491667,0x429b27d9
2026-08-02T08:05:30.000Z,2,aanderaa_reading_count_10bits,reading_count,count,5.0,43.4376833,-70.3491667,0x429b27d9
2026-08-02T08:05:30.000Z,2,aanderaa_direction_circ_std_13bits,direction,rad,0.717,43.4376833,-70.3491667,0x429b27d9
2026-08-02T08:05:30.000Z,2,aanderaa_direction_circ_mean_13bits,direction,rad,6.242,43.4376833,-70.3491667,0x429b27d9
2026-08-02T08:05:30.000Z,2,aanderaa_abs_tilt_mean_8bits,tilt,rad,0.09,43.4376833,-70.3491667,0x429b27d9
2026-08-02T08:05:30.000Z,2,aanderaa_abs_speed_mean_15bits,speed,cm/s,3.37,43.4376833,-70.3491667,0x429b27d9
2026-08-02T08:05:30.000Z,1,bm_soft_temperature_mean_13bits,temperature,°C,18.84,43.4376833,-70.3491667,0x429b27d9
2026-08-02T08:05:30.000Z,2,aanderaa_std_tilt_mean_8bits,tilt,rad,0.02,43.4376833,-70.3491667,0x429b27d9
2026-08-02T08:05:30.000Z,2,aanderaa_abs_speed_std_15bits,speed,cm/s,2.14,43.4376833,-70.3491667,0x429b27d9
2026-08-02T08:35:30.000Z,2,aanderaa_direction_circ_std_13bits,direction,rad,1.054,43.4376833,-70.3491333,0x429b27d9
2026-08-02T08:35:30.000Z,2,aanderaa_std_tilt_mean_8bits,tilt,rad,0.02,43.4376833,-70.3491333,0x429b27d9
2026-08-02T08:35:30.000Z,2,aanderaa_reading_count_10bits,reading_count,count,5.0,43.4376833,-70.3491333,0x429b27d9
2026-08-02T08:35:30.000Z,2,aanderaa_temperature_mean_13bits,temperature,°C,16.6,43.4376833,-70.3491333,0x429b27d9
2026-08-02T08:35:30.000Z,2,aanderaa_direction_circ_mean_13bits,direction,rad,1.645,43.4376833,-70.3491333,0x429b27d9
2026-08-02T08:35:30.000Z,2,aanderaa_abs_speed_std_15bits,speed,cm/s,0.67,43.4376833,-70.3491333,0x429b27d9
2026-08-02T08:35:30.000Z,1,bm_soft_temperature_mean_13bits,temperature,°C,18.84,43.4376833,-70.3491333,0x429b27d9
2026-08-02T08:35:30.000Z,2,aanderaa_abs_tilt_mean_8bits,tilt,rad,0.16,43.4376833,-70.3491333,0x429b27d9
2026-08-02T08:35:30.000Z,2,aanderaa_abs_speed_mean_15bits,speed,cm/s,1.36,43.4376833,-70.3491333,0x429b27d9
2026-08-02T09:05:30.000Z,2,aanderaa_temperature_mean_13bits,temperature,°C,16.56,43.4376833,-70.3491333,0x429b27d9
2026-08-02T09:05:30.000Z,1,bm_soft_temperature_mean_13bits,temperature,°C,18.52,43.4376833,-70.3491333,0x429b27d9
2026-08-02T09:05:30.000Z,2,aanderaa_abs_speed_mean_15bits,speed,cm/s,2.58,43.4376833,-70.3491333,0x429b27d9
2026-08-02T09:05:30.000Z,2,aanderaa_abs_speed_std_15bits,speed,cm/s,3.0100000000000002,43.4376833,-70.3491333,0x429b27d9
2026-08-02T09:05:30.000Z,2,aanderaa_abs_tilt_mean_8bits,tilt,rad,0.14,43.4376833,-70.3491333,0x429b27d9
2026-08-02T09:05:30.000Z,2,aanderaa_direction_circ_mean_13bits,direction,rad,3.476,43.4376833,-70.3491333,0x429b27d9
2026-08-02T09:05:30.000Z,2,aanderaa_direction_circ_std_13bits,direction,rad,1.363,43.4376833,-70.3491333,0x429b27d9
2026-08-02T09:05:30.000Z,2,aanderaa_reading_count_10bits,reading_count,count,5.0,43.4376833,-70.3491333,0x429b27d9
2026-08-02T09:05:30.000Z,2,aanderaa_std_tilt_mean_8bits,tilt,rad,0.02,43.4376833,-70.3491333,0x429b27d9
2026-08-02T09:35:30.000Z,2,aanderaa_temperature_mean_13bits,temperature,°C,16.5,43.4376833,-70.3491333,0x429b27d9
2026-08-02T09:35:30.000Z,2,aanderaa_std_tilt_mean_8bits,tilt,rad,0.02,43.4376833,-70.3491333,0x429b27d9
2026-08-02T09:35:30.000Z,2,aanderaa_reading_count_10bits,reading_count,count,5.0,43.4376833,-70.3491333,0x429b27d9
2026-08-02T09:35:30.000Z,2,aanderaa_direction_circ_std_13bits,direction,rad,0.673,43.4376833,-70.3491333,0x429b27d9
2026-08-02T09:35:30.000Z,2,aanderaa_abs_speed_mean_15bits,speed,cm/s,3.34,43.4376833,-70.3491333,0x429b27d9
2026-08-02T09:35:30.000Z,2,aanderaa_abs_tilt_mean_8bits,tilt,rad,0.16,43.4376833,-70.3491333,0x429b27d9
2026-08-02T09:35:30.000Z,2,aanderaa_abs_speed_std_15bits,speed,cm/s,1.48,43.4376833,-70.3491333,0x429b27d9
2026-08-02T09:35:30.000Z,1,bm_soft_temperature_mean_13bits,temperature,°C,18.35,43.4376833,-70.3491333,0x429b27d9
2026-08-02T09:35:30.000Z,2,aanderaa_direction_circ_mean_13bits,direction,rad,2.446,43.4376833,-70.3491333,0x429b27d9
2026-08-02T10:05:30.000Z,2,aanderaa_direction_circ_std_13bits,direction,rad,0.251,43.4376833,-70.3491167,0x429b27d9
2026-08-02T10:05:30.000Z,2,aanderaa_std_tilt_mean_8bits,tilt,rad,0.02,43.4376833,-70.3491167,0x429b27d9
2026-08-02T10:05:30.000Z,2,aanderaa_reading_count_10bits,reading_count,count,5.0,43.4376833,-70.3491167,0x429b27d9
2026-08-02T10:05:30.000Z,2,aanderaa_temperature_mean_13bits,temperature,°C,16.36,43.4376833,-70.3491167,0x429b27d9
2026-08-02T10:05:30.000Z,2,aanderaa_direction_circ_mean_13bits,direction,rad,2.761,43.4376833,-70.3491167,0x429b27d9
2026-08-02T10:05:30.000Z,2,aanderaa_abs_speed_std_15bits,speed,cm/s,0.49,43.4376833,-70.3491167,0x429b27d9
2026-08-02T10:05:30.000Z,2,aanderaa_abs_speed_mean_15bits,speed,cm/s,2.88,43.4376833,-70.3491167,0x429b27d9
2026-08-02T10:05:30.000Z,1,bm_soft_temperature_mean_13bits,temperature,°C,18.37,43.4376833,-70.3491167,0x429b27d9
2026-08-02T10:05:30.000Z,2,aanderaa_abs_tilt_mean_8bits,tilt,rad,0.21,43.4376833,-70.3491167,0x429b27d9
2026-08-02T10:35:30.000Z,2,aanderaa_std_tilt_mean_8bits,tilt,rad,0.02,43.4376833,-70.3491167,0x429b27d9
2026-08-02T10:35:30.000Z,2,aanderaa_reading_count_10bits,reading_count,count,5.0,43.4376833,-70.3491167,0x429b27d9
2026-08-02T10:35:30.000Z,2,aanderaa_direction_circ_std_13bits,direction,rad,0.106,43.4376833,-70.3491167,0x429b27d9
2026-08-02T10:35:30.000Z,2,aanderaa_direction_circ_mean_13bits,direction,rad,3.4170000000000003,43.4376833,-70.3491167,0x429b27d9
2026-08-02T10:35:30.000Z,2,aanderaa_temperature_mean_13bits,temperature,°C,16.3,43.4376833,-70.3491167,0x429b27d9
2026-08-02T10:35:30.000Z,2,aanderaa_abs_speed_std_15bits,speed,cm/s,0.91,43.4376833,-70.3491167,0x429b27d9
2026-08-02T10:35:30.000Z,2,aanderaa_abs_speed_mean_15bits,speed,cm/s,5.0200000000000005,43.4376833,-70.3491167,0x429b27d9
2026-08-02T10:35:30.000Z,1,bm_soft_temperature_mean_13bits,temperature,°C,18.400000000000002,43.4376833,-70.3491167,0x429b27d9
2026-08-02T10:35:30.000Z,2,aanderaa_abs_tilt_mean_8bits,tilt,rad,0.22,43.4376833,-70.3491167,0x429b27d9
2026-08-02T11:05:30.000Z,2,aanderaa_temperature_mean_13bits,temperature,°C,16.17,43.4376833,-70.3491167,0x429b27d9
2026-08-02T11:05:30.000Z,2,aanderaa_std_tilt_mean_8bits,tilt,rad,0.03,43.4376833,-70.3491167,0x429b27d9
2026-08-02T11:05:30.000Z,2,aanderaa_reading_count_10bits,reading_count,count,5.0,43.4376833,-70.3491167,0x429b27d9
2026-08-02T11:05:30.000Z,2,aanderaa_direction_circ_std_13bits,direction,rad,0.35000000000000003,43.4376833,-70.3491167,0x429b27d9
2026-08-02T11:05:30.000Z,2,aanderaa_direction_circ_mean_13bits,direction,rad,4.073,43.4376833,-70.3491167,0x429b27d9
2026-08-02T11:05:30.000Z,2,aanderaa_abs_speed_std_15bits,speed,cm/s,0.97,43.4376833,-70.3491167,0x429b27d9
2026-08-02T11:05:30.000Z,2,aanderaa_abs_speed_mean_15bits,speed,cm/s,3.75,43.4376833,-70.3491167,0x429b27d9
2026-08-02T11:05:30.000Z,1,bm_soft_temperature_mean_13bits,temperature,°C,18.37,43.4376833,-70.3491167,0x429b27d9
2026-08-02T11:05:30.000Z,2,aanderaa_abs_tilt_mean_8bits,tilt,rad,0.2,43.4376833,-70.3491167,0x429b27d9
2026-08-02T11:35:30.000Z,2,aanderaa_direction_circ_std_13bits,direction,rad,0.8190000000000001,43.4378,-70.3491833,0x429b27d9
2026-08-02T11:35:30.000Z,2,aanderaa_std_tilt_mean_8bits,tilt,rad,0.02,43.4378,-70.3491833,0x429b27d9
2026-08-02T11:35:30.000Z,2,aanderaa_reading_count_10bits,reading_count,count,5.0,43.4378,-70.3491833,0x429b27d9
2026-08-02T11:35:30.000Z,2,aanderaa_direction_circ_mean_13bits,direction,rad,4.907,43.4378,-70.3491833,0x429b27d9
2026-08-02T11:35:30.000Z,2,aanderaa_temperature_mean_13bits,temperature,°C,15.809999999999999,43.4378,-70.3491833,0x429b27d9
2026-08-02T11:35:30.000Z,2,aanderaa_abs_speed_std_15bits,speed,cm/s,0.87,43.4378,-70.3491833,0x429b27d9
2026-08-02T11:35:30.000Z,2,aanderaa_abs_speed_mean_15bits,speed,cm/s,1.58,43.4378,-70.3491833,0x429b27d9
2026-08-02T11:35:30.000Z,1,bm_soft_temperature_mean_13bits,temperature,°C,18.2,43.4378,-70.3491833,0x429b27d9
2026-08-02T11:35:30.000Z,2,aanderaa_abs_tilt_mean_8bits,tilt,rad,0.22,43.4378,-70.3491833,0x429b27d9
2026-08-02T12:05:30.000Z,2,aanderaa_std_tilt_mean_8bits,tilt,rad,0.02,43.4378,-70.3491833,0x429b27d9
2026-08-02T12:05:30.000Z,2,aanderaa_reading_count_10bits,reading_count,count,5.0,43.4378,-70.3491833,0x429b27d9
2026-08-02T12:05:30.000Z,2,aanderaa_direction_circ_std_13bits,direction,rad,0.365,43.4378,-70.3491833,0x429b27d9
2026-08-02T12:05:30.000Z,2,aanderaa_direction_circ_mean_13bits,direction,rad,0.723,43.4378,-70.3491833,0x429b27d9
2026-08-02T12:05:30.000Z,2,aanderaa_temperature_mean_13bits,temperature,°C,15.650000000000002,43.4378,-70.3491833,0x429b27d9
2026-08-02T12:05:30.000Z,2,aanderaa_abs_speed_std_15bits,speed,cm/s,1.1,43.4378,-70.3491833,0x429b27d9
2026-08-02T12:05:30.000Z,2,aanderaa_abs_speed_mean_15bits,speed,cm/s,4.13,43.4378,-70.3491833,0x429b27d9
2026-08-02T12:05:30.000Z,1,bm_soft_temperature_mean_13bits,temperature,°C,18.18,43.4378,-70.3491833,0x429b27d9
2026-08-02T12:05:30.000Z,2,aanderaa_abs_tilt_mean_8bits,tilt,rad,0.21,43.4378,-70.3491833,0x429b27d9
2026-08-02T12:35:30.000Z,2,aanderaa_temperature_mean_13bits,temperature,°C,15.61,43.4378,-70.3491833,0x429b27d9
2026-08-02T12:35:30.000Z,2,aanderaa_std_tilt_mean_8bits,tilt,rad,0.03,43.4378,-70.3491833,0x429b27d9
2026-08-02T12:35:30.000Z,2,aanderaa_reading_count_10bits,reading_count,count,5.0,43.4378,-70.3491833,0x429b27d9
2026-08-02T12:35:30.000Z,2,aanderaa_direction_circ_std_13bits,direction,rad,0.457,43.4378,-70.3491833,0x429b27d9
2026-08-02T12:35:30.000Z,2,aanderaa_direction_circ_mean_13bits,direction,rad,0.8270000000000001,43.4378,-70.3491833,0x429b27d9
2026-08-02T12:35:30.000Z,2,aanderaa_abs_speed_std_15bits,speed,cm/s,1.1300000000000001,43.4378,-70.3491833,0x429b27d9
2026-08-02T12:35:30.000Z,2,aanderaa_abs_speed_mean_15bits,speed,cm/s,3.66,43.4378,-70.3491833,0x429b27d9
2026-08-02T12:35:30.000Z,1,bm_soft_temperature_mean_13bits,temperature,°C,18.150000000000002,43.4378,-70.3491833,0x429b27d9
2026-08-02T12:35:30.000Z,2,aanderaa_abs_tilt_mean_8bits,tilt,rad,0.2,43.4378,-70.3491833,0x429b27d9
2026-08-02T13:05:30.000Z,2,aanderaa_reading_count_10bits,reading_count,count,5.0,43.4378,-70.3492,0x429b27d9
2026-08-02T13:05:30.000Z,2,aanderaa_temperature_mean_13bits,temperature,°C,15.809999999999999,43.4378,-70.3492,0x429b27d9
2026-08-02T13:05:30.000Z,2,aanderaa_std_tilt_mean_8bits,tilt,rad,0.03,43.4378,-70.3492,0x429b27d9
2026-08-02T13:05:30.000Z,2,aanderaa_direction_circ_std_13bits,direction,rad,0.9450000000000001,43.4378,-70.3492,0x429b27d9
2026-08-02T13:05:30.000Z,2,aanderaa_direction_circ_mean_13bits,direction,rad,1.049,43.4378,-70.3492,0x429b27d9
2026-08-02T13:05:30.000Z,2,aanderaa_abs_tilt_mean_8bits,tilt,rad,0.22,43.4378,-70.3492,0x429b27d9
2026-08-02T13:05:30.000Z,2,aanderaa_abs_speed_std_15bits,speed,cm/s,1.1500000000000001,43.4378,-70.3492,0x429b27d9
2026-08-02T13:05:30.000Z,2,aanderaa_abs_speed_mean_15bits,speed,cm/s,3.04,43.4378,-70.3492,0x429b27d9
2026-08-02T13:05:30.000Z,1,bm_soft_temperature_mean_13bits,temperature,°C,18.07,43.4378,-70.3492,0x429b27d9
2026-08-02T13:35:30.000Z,2,aanderaa_std_tilt_mean_8bits,tilt,rad,0.03,43.4378,-70.3492,0x429b27d9
2026-08-02T13:35:30.000Z,2,aanderaa_reading_count_10bits,reading_count,count,5.0,43.4378,-70.3492,0x429b27d9
2026-08-02T13:35:30.000Z,2,aanderaa_direction_circ_std_13bits,direction,rad,0.451,43.4378,-70.3492,0x429b27d9
2026-08-02T13:35:30.000Z,2,aanderaa_direction_circ_mean_13bits,direction,rad,0.673,43.4378,-70.3492,0x429b27d9
2026-08-02T13:35:30.000Z,2,aanderaa_temperature_mean_13bits,temperature,°C,15.920000000000002,43.4378,-70.3492,0x429b27d9
2026-08-02T13:35:30.000Z,2,aanderaa_abs_speed_std_15bits,speed,cm/s,0.55,43.4378,-70.3492,0x429b27d9
2026-08-02T13:35:30.000Z,2,aanderaa_abs_speed_mean_15bits,speed,cm/s,1.33,43.4378,-70.3492,0x429b27d9
2026-08-02T13:35:30.000Z,1,bm_soft_temperature_mean_13bits,temperature,°C,18.01,43.4378,-70.3492,0x429b27d9
2026-08-02T13:35:30.000Z,2,aanderaa_abs_tilt_mean_8bits,tilt,rad,0.17,43.4378,-70.3492,0x429b27d9
2026-08-02T14:05:30.000Z,2,aanderaa_temperature_mean_13bits,temperature,°C,15.8,43.4378,-70.3492,0x429b27d9
2026-08-02T14:05:30.000Z,2,aanderaa_std_tilt_mean_8bits,tilt,rad,0.03,43.4378,-70.3492,0x429b27d9
2026-08-02T14:05:30.000Z,2,aanderaa_reading_count_10bits,reading_count,count,5.0,43.4378,-70.3492,0x429b27d9
2026-08-02T14:05:30.000Z,2,aanderaa_direction_circ_std_13bits,direction,rad,0.34700000000000003,43.4378,-70.3492,0x429b27d9
2026-08-02T14:05:30.000Z,2,aanderaa_direction_circ_mean_13bits,direction,rad,5.783,43.4378,-70.3492,0x429b27d9
2026-08-02T14:05:30.000Z,2,aanderaa_abs_speed_std_15bits,speed,cm/s,1.6300000000000001,43.4378,-70.3492,0x429b27d9
2026-08-02T14:05:30.000Z,2,aanderaa_abs_speed_mean_15bits,speed,cm/s,3.39,43.4378,-70.3492,0x429b27d9
2026-08-02T14:05:30.000Z,1,bm_soft_temperature_mean_13bits,temperature,°C,18.02,43.4378,-70.3492,0x429b27d9
2026-08-02T14:05:30.000Z,2,aanderaa_abs_tilt_mean_8bits,tilt,rad,0.18,43.4378,-70.3492,0x429b27d9
2026-08-02T14:35:30.000Z,2,aanderaa_reading_count_10bits,reading_count,count,5.0,43.4377333,-70.3491667,0x429b27d9
2026-08-02T14:35:30.000Z,2,aanderaa_temperature_mean_13bits,temperature,°C,15.71,43.4377333,-70.3491667,0x429b27d9
2026-08-02T14:35:30.000Z,2,aanderaa_std_tilt_mean_8bits,tilt,rad,0.02,43.4377333,-70.3491667,0x429b27d9
2026-08-02T14:35:30.000Z,2,aanderaa_direction_circ_std_13bits,direction,rad,0.55,43.4377333,-70.3491667,0x429b27d9
2026-08-02T14:35:30.000Z,2,aanderaa_direction_circ_mean_13bits,direction,rad,5.337,43.4377333,-70.3491667,0x429b27d9
2026-08-02T14:35:30.000Z,2,aanderaa_abs_tilt_mean_8bits,tilt,rad,0.15,43.4377333,-70.3491667,0x429b27d9
2026-08-02T14:35:30.000Z,2,aanderaa_abs_speed_std_15bits,speed,cm/s,1.44,43.4377333,-70.3491667,0x429b27d9
2026-08-02T14:35:30.000Z,2,aanderaa_abs_speed_mean_15bits,speed,cm/s,4.4,43.4377333,-70.3491667,0x429b27d9
2026-08-02T14:35:30.000Z,1,bm_soft_temperature_mean_13bits,temperature,°C,18.12,43.4377333,-70.3491667,0x429b27d9
2026-08-02T15:05:30.000Z,2,aanderaa_std_tilt_mean_8bits,tilt,rad,0.02,43.4377333,-70.3491667,0x429b27d9
2026-08-02T15:05:30.000Z,2,aanderaa_reading_count_10bits,reading_count,count,5.0,43.4377333,-70.3491667,0x429b27d9
2026-08-02T15:05:30.000Z,2,aanderaa_direction_circ_std_13bits,direction,rad,0.423,43.4377333,-70.3491667,0x429b27d9
2026-08-02T15:05:30.000Z,2,aanderaa_direction_circ_mean_13bits,direction,rad,5.096,43.4377333,-70.3491667,0x429b27d9
2026-08-02T15:05:30.000Z,2,aanderaa_temperature_mean_13bits,temperature,°C,15.740000000000002,43.4377333,-70.3491667,0x429b27d9
2026-08-02T15:05:30.000Z,2,aanderaa_abs_speed_std_15bits,speed,cm/s,1.56,43.4377333,-70.3491667,0x429b27d9
2026-08-02T15:05:30.000Z,2,aanderaa_abs_speed_mean_15bits,speed,cm/s,3.0500000000000003,43.4377333,-70.3491667,0x429b27d9
2026-08-02T15:05:30.000Z,1,bm_soft_temperature_mean_13bits,temperature,°C,18.2,43.4377333,-70.3491667,0x429b27d9
2026-08-02T15:05:30.000Z,2,aanderaa_abs_tilt_mean_8bits,tilt,rad,0.11,43.4377333,-70.3491667,0x429b27d9
2026-08-02T15:35:30.000Z,2,aanderaa_temperature_mean_13bits,temperature,°C,15.8,43.4377333,-70.3491667,0x429b27d9
2026-08-02T15:35:30.000Z,2,aanderaa_std_tilt_mean_8bits,tilt,rad,0.03,43.4377333,-70.3491667,0x429b27d9
2026-08-02T15:35:30.000Z,2,aanderaa_reading_count_10bits,reading_count,count,5.0,43.4377333,-70.3491667,0x429b27d9
2026-08-02T15:35:30.000Z,2,aanderaa_direction_circ_std_13bits,direction,rad,1.0190000000000001,43.4377333,-70.3491667,0x429b27d9
2026-08-02T15:35:30.000Z,2,aanderaa_direction_circ_mean_13bits,direction,rad,0.334,43.4377333,-70.3491667,0x429b27d9
2026-08-02T15:35:30.000Z,2,aanderaa_abs_speed_std_15bits,speed,cm/s,0.6,43.4377333,-70.3491667,0x429b27d9
2026-08-02T15:35:30.000Z,2,aanderaa_abs_speed_mean_15bits,speed,cm/s,1.52,43.4377333,-70.3491667,0x429b27d9
2026-08-02T15:35:30.000Z,1,bm_soft_temperature_mean_13bits,temperature,°C,18.28,43.4377333,-70.3491667,0x429b27d9
2026-08-02T15:35:30.000Z,2,aanderaa_abs_tilt_mean_8bits,tilt,rad,0.13,43.4377333,-70.3491667,0x429b27d9
2026-08-02T16:05:30.000Z,2,aanderaa_reading_count_10bits,reading_count,count,5.0,43.4378167,-70.3493167,0x429b27d9
2026-08-02T16:05:30.000Z,2,aanderaa_temperature_mean_13bits,temperature,°C,16.56,43.4378167,-70.3493167,0x429b27d9
2026-08-02T16:05:30.000Z,2,aanderaa_std_tilt_mean_8bits,tilt,rad,0.03,43.4378167,-70.3493167,0x429b27d9
2026-08-02T16:05:30.000Z,2,aanderaa_direction_circ_std_13bits,direction,rad,0.189,43.4378167,-70.3493167,0x429b27d9
2026-08-02T16:05:30.000Z,2,aanderaa_direction_circ_mean_13bits,direction,rad,2.834,43.4378167,-70.3493167,0x429b27d9
2026-08-02T16:05:30.000Z,2,aanderaa_abs_tilt_mean_8bits,tilt,rad,0.19,43.4378167,-70.3493167,0x429b27d9
2026-08-02T16:05:30.000Z,2,aanderaa_abs_speed_std_15bits,speed,cm/s,1.32,43.4378167,-70.3493167,0x429b27d9
2026-08-02T16:05:30.000Z,2,aanderaa_abs_speed_mean_15bits,speed,cm/s,5.5200000000000005,43.4378167,-70.3493167,0x429b27d9
2026-08-02T16:05:30.000Z,1,bm_soft_temperature_mean_13bits,temperature,°C,18.43,43.4378167,-70.3493167,0x429b27d9
2026-08-02T16:35:30.000Z,2,aanderaa_std_tilt_mean_8bits,tilt,rad,0.04,43.4378167,-70.3493167,0x429b27d9
2026-08-02T16:35:30.000Z,2,aanderaa_reading_count_10bits,reading_count,count,5.0,43.4378167,-70.3493167,0x429b27d9
2026-08-02T16:35:30.000Z,2,aanderaa_direction_circ_std_13bits,direction,rad,0.116,43.4378167,-70.3493167,0x429b27d9
2026-08-02T16:35:30.000Z,2,aanderaa_direction_circ_mean_13bits,direction,rad,2.66,43.4378167,-70.3493167,0x429b27d9
2026-08-02T16:35:30.000Z,2,aanderaa_temperature_mean_13bits,temperature,°C,17.44,43.4378167,-70.3493167,0x429b27d9
2026-08-02T16:35:30.000Z,2,aanderaa_abs_speed_std_15bits,speed,cm/s,1.1500000000000001,43.4378167,-70.3493167,0x429b27d9
2026-08-02T16:35:30.000Z,2,aanderaa_abs_speed_mean_15bits,speed,cm/s,9.66,43.4378167,-70.3493167,0x429b27d9
2026-08-02T16:35:30.000Z,1,bm_soft_temperature_mean_13bits,temperature,°C,18.76,43.4378167,-70.3493167,0x429b27d9
2026-08-02T16:35:30.000Z,2,aanderaa_abs_tilt_mean_8bits,tilt,rad,0.22,43.4378167,-70.3493167,0x429b27d9
2026-08-02T17:05:30.000Z,2,aanderaa_temperature_mean_13bits,temperature,°C,17.91,43.4378167,-70.3493167,0x429b27d9
2026-08-02T17:05:30.000Z,2,aanderaa_std_tilt_mean_8bits,tilt,rad,0.03,43.4378167,-70.3493167,0x429b27d9
2026-08-02T17:05:30.000Z,2,aanderaa_reading_count_10bits,reading_count,count,5.0,43.4378167,-70.3493167,0x429b27d9
2026-08-02T17:05:30.000Z,2,aanderaa_direction_circ_std_13bits,direction,rad,0.198,43.4378167,-70.3493167,0x429b27d9
2026-08-02T17:05:30.000Z,2,aanderaa_direction_circ_mean_13bits,direction,rad,2.733,43.4378167,-70.3493167,0x429b27d9
2026-08-02T17:05:30.000Z,2,aanderaa_abs_speed_std_15bits,speed,cm/s,1.59,43.4378167,-70.3493167,0x429b27d9
2026-08-02T17:05:30.000Z,2,aanderaa_abs_speed_mean_15bits,speed,cm/s,9.85,43.4378167,-70.3493167,0x429b27d9
2026-08-02T17:05:30.000Z,1,bm_soft_temperature_mean_13bits,temperature,°C,18.650000000000002,43.4378167,-70.3493167,0x429b27d9
2026-08-02T17:05:30.000Z,2,aanderaa_abs_tilt_mean_8bits,tilt,rad,0.16,43.4378167,-70.3493167,0x429b27d9
2026-08-02T17:35:30.000Z,2,aanderaa_direction_circ_std_13bits,direction,rad,0.11800000000000001,43.4378167,-70.3493167,0x429b27d9
2026-08-02T17:35:30.000Z,2,aanderaa_std_tilt_mean_8bits,tilt,rad,0.03,43.4378167,-70.3493167,0x429b27d9
2026-08-02T17:35:30.000Z,2,aanderaa_temperature_mean_13bits,temperature,°C,17.88,43.4378167,-70.3493167,0x429b27d9
2026-08-02T17:35:30.000Z,2,aanderaa_direction_circ_mean_13bits,direction,rad,2.379,43.4378167,-70.3493167,0x429b27d9
2026-08-02T17:35:30.000Z,2,aanderaa_reading_count_10bits,reading_count,count,5.0,43.4378167,-70.3493167,0x429b27d9
2026-08-02T17:35:30.000Z,2,aanderaa_abs_speed_std_15bits,speed,cm/s,0.87,43.4378167,-70.3493167,0x429b27d9
2026-08-02T17:35:30.000Z,2,aanderaa_abs_speed_mean_15bits,speed,cm/s,6.4,43.4378167,-70.3493167,0x429b27d9
2026-08-02T17:35:30.000Z,1,bm_soft_temperature_mean_13bits,temperature,°C,18.67,43.4378167,-70.3493167,0x429b27d9
2026-08-02T17:35:30.000Z,2,aanderaa_abs_tilt_mean_8bits,tilt,rad,0.12,43.4378167,-70.3493167,0x429b27d9
2026-08-02T18:05:30.000Z,2,aanderaa_std_tilt_mean_8bits,tilt,rad,0.03,43.4378167,-70.3493167,0x429b27d9
2026-08-02T18:05:30.000Z,2,aanderaa_reading_count_10bits,reading_count,count,5.0,43.4378167,-70.3493167,0x429b27d9
2026-08-02T18:05:30.000Z,2,aanderaa_direction_circ_std_13bits,direction,rad,0.922,43.4378167,-70.3493167,0x429b27d9
2026-08-02T18:05:30.000Z,2,aanderaa_direction_circ_mean_13bits,direction,rad,2.447,43.4378167,-70.3493167,0x429b27d9
2026-08-02T18:05:30.000Z,2,aanderaa_temperature_mean_13bits,temperature,°C,17.7,43.4378167,-70.3493167,0x429b27d9
2026-08-02T18:05:30.000Z,2,aanderaa_abs_speed_std_15bits,speed,cm/s,0.88,43.4378167,-70.3493167,0x429b27d9
2026-08-02T18:05:30.000Z,2,aanderaa_abs_speed_mean_15bits,speed,cm/s,4.0600000000000005,43.4378167,-70.3493167,0x429b27d9
2026-08-02T18:05:30.000Z,1,bm_soft_temperature_mean_13bits,temperature,°C,18.77,43.4378167,-70.3493167,0x429b27d9
2026-08-02T18:05:30.000Z,2,aanderaa_abs_tilt_mean_8bits,tilt,rad,0.13,43.4378167,-70.3493167,0x429b27d9
2026-08-02T18:35:30.000Z,2,aanderaa_temperature_mean_13bits,temperature,°C,17.68,43.4378167,-70.3493167,0x429b27d9
2026-08-02T18:35:30.000Z,2,aanderaa_std_tilt_mean_8bits,tilt,rad,0.03,43.4378167,-70.3493167,0x429b27d9
2026-08-02T18:35:30.000Z,2,aanderaa_reading_count_10bits,reading_count,count,5.0,43.4378167,-70.3493167,0x429b27d9
2026-08-02T18:35:30.000Z,2,aanderaa_direction_circ_std_13bits,direction,rad,0.152,43.4378167,-70.3493167,0x429b27d9
2026-08-02T18:35:30.000Z,2,aanderaa_direction_circ_mean_13bits,direction,rad,2.089,43.4378167,-70.3493167,0x429b27d9
2026-08-02T18:35:30.000Z,2,aanderaa_abs_speed_std_15bits,speed,cm/s,0.99,43.4378167,-70.3493167,0x429b27d9
2026-08-02T18:35:30.000Z,2,aanderaa_abs_speed_mean_15bits,speed,cm/s,3.23,43.4378167,-70.3493167,0x429b27d9
2026-08-02T18:35:30.000Z,1,bm_soft_temperature_mean_13bits,temperature,°C,18.8,43.4378167,-70.3493167,0x429b27d9
2026-08-02T18:35:30.000Z,2,aanderaa_abs_tilt_mean_8bits,tilt,rad,0.14,43.4378167,-70.3493167,0x429b27d9
2026-08-02T19:05:30.000Z,2,aanderaa_reading_count_10bits,reading_count,count,5.0,43.4377833,-70.3491667,0x429b27d9
2026-08-02T19:05:30.000Z,2,aanderaa_temperature_mean_13bits,temperature,°C,18.03,43.4377833,-70.3491667,0x429b27d9
2026-08-02T19:05:30.000Z,2,aanderaa_std_tilt_mean_8bits,tilt,rad,0.03,43.4377833,-70.3491667,0x429b27d9
2026-08-02T19:05:30.000Z,2,aanderaa_direction_circ_std_13bits,direction,rad,0.47300000000000003,43.4377833,-70.3491667,0x429b27d9
2026-08-02T19:05:30.000Z,2,aanderaa_direction_circ_mean_13bits,direction,rad,2.672,43.4377833,-70.3491667,0x429b27d9
2026-08-02T19:05:30.000Z,2,aanderaa_abs_tilt_mean_8bits,tilt,rad,0.15,43.4377833,-70.3491667,0x429b27d9
2026-08-02T19:05:30.000Z,2,aanderaa_abs_speed_std_15bits,speed,cm/s,1.1400000000000001,43.4377833,-70.3491667,0x429b27d9
2026-08-02T19:05:30.000Z,2,aanderaa_abs_speed_mean_15bits,speed,cm/s,5.86,43.4377833,-70.3491667,0x429b27d9
2026-08-02T19:05:30.000Z,1,bm_soft_temperature_mean_13bits,temperature,°C,18.77,43.4377833,-70.3491667,0x429b27d9
2026-08-02T19:35:30.000Z,2,aanderaa_std_tilt_mean_8bits,tilt,rad,0.03,43.4377833,-70.3491667,0x429b27d9
2026-08-02T19:35:30.000Z,2,aanderaa_reading_count_10bits,reading_count,count,5.0,43.4377833,-70.3491667,0x429b27d9
2026-08-02T19:35:30.000Z,2,aanderaa_direction_circ_std_13bits,direction,rad,0.33,43.4377833,-70.3491667,0x429b27d9
2026-08-02T19:35:30.000Z,2,aanderaa_direction_circ_mean_13bits,direction,rad,2.234,43.4377833,-70.3491667,0x429b27d9
2026-08-02T19:35:30.000Z,2,aanderaa_temperature_mean_13bits,temperature,°C,17.830000000000002,43.4377833,-70.3491667,0x429b27d9
2026-08-02T19:35:30.000Z,2,aanderaa_abs_speed_std_15bits,speed,cm/s,0.7000000000000001,43.4377833,-70.3491667,0x429b27d9
2026-08-02T19:35:30.000Z,2,aanderaa_abs_speed_mean_15bits,speed,cm/s,5.32,43.4377833,-70.3491667,0x429b27d9
2026-08-02T19:35:30.000Z,1,bm_soft_temperature_mean_13bits,temperature,°C,18.73,43.4377833,-70.3491667,0x429b27d9
2026-08-02T19:35:30.000Z,2,aanderaa_abs_tilt_mean_8bits,tilt,rad,0.11,43.4377833,-70.3491667,0x429b27d9
2026-08-02T20:05:30.000Z,2,aanderaa_temperature_mean_13bits,temperature,°C,17.71,43.4377833,-70.3491667,0x429b27d9
2026-08-02T20:05:30.000Z,2,aanderaa_std_tilt_mean_8bits,tilt,rad,0.02,43.4377833,-70.3491667,0x429b27d9
2026-08-02T20:05:30.000Z,2,aanderaa_reading_count_10bits,reading_count,count,5.0,43.4377833,-70.3491667,0x429b27d9
2026-08-02T20:05:30.000Z,2,aanderaa_direction_circ_std_13bits,direction,rad,0.233,43.4377833,-70.3491667,0x429b27d9
2026-08-02T20:05:30.000Z,2,aanderaa_direction_circ_mean_13bits,direction,rad,2.1750000000000003,43.4377833,-70.3491667,0x429b27d9
2026-08-02T20:05:30.000Z,2,aanderaa_abs_speed_std_15bits,speed,cm/s,1.29,43.4377833,-70.3491667,0x429b27d9
2026-08-02T20:05:30.000Z,2,aanderaa_abs_speed_mean_15bits,speed,cm/s,5.38,43.4377833,-70.3491667,0x429b27d9
2026-08-02T20:05:30.000Z,1,bm_soft_temperature_mean_13bits,temperature,°C,18.740000000000002,43.4377833,-70.3491667,0x429b27d9
2026-08-02T20:05:30.000Z,2,aanderaa_abs_tilt_mean_8bits,tilt,rad,0.1,43.4377833,-70.3491667,0x429b27d9
2026-08-02T20:35:31.000Z,2,aanderaa_direction_circ_std_13bits,direction,rad,0.057,43.4377,-70.3491167,0x429b27d9
2026-08-02T20:35:31.000Z,2,aanderaa_std_tilt_mean_8bits,tilt,rad,0.02,43.4377,-70.3491167,0x429b27d9
2026-08-02T20:35:31.000Z,2,aanderaa_temperature_mean_13bits,temperature,°C,17.89,43.4377,-70.3491167,0x429b27d9
2026-08-02T20:35:31.000Z,2,aanderaa_direction_circ_mean_13bits,direction,rad,2.344,43.4377,-70.3491167,0x429b27d9
2026-08-02T20:35:31.000Z,2,aanderaa_reading_count_10bits,reading_count,count,5.0,43.4377,-70.3491167,0x429b27d9
2026-08-02T20:35:31.000Z,2,aanderaa_abs_speed_std_15bits,speed,cm/s,3.0100000000000002,43.4377,-70.3491167,0x429b27d9
2026-08-02T20:35:31.000Z,2,aanderaa_abs_speed_mean_15bits,speed,cm/s,10.36,43.4377,-70.3491167,0x429b27d9
2026-08-02T20:35:31.000Z,1,bm_soft_temperature_mean_13bits,temperature,°C,18.830000000000002,43.4377,-70.3491167,0x429b27d9
2026-08-02T20:35:31.000Z,2,aanderaa_abs_tilt_mean_8bits,tilt,rad,0.07,43.4377,-70.3491167,0x429b27d9
2026-08-02T21:05:31.000Z,2,aanderaa_std_tilt_mean_8bits,tilt,rad,0.03,43.4377,-70.3491167,0x429b27d9
2026-08-02T21:05:31.000Z,2,aanderaa_reading_count_10bits,reading_count,count,5.0,43.4377,-70.3491167,0x429b27d9
2026-08-02T21:05:31.000Z,2,aanderaa_direction_circ_std_13bits,direction,rad,0.589,43.4377,-70.3491167,0x429b27d9
2026-08-02T21:05:31.000Z,2,aanderaa_direction_circ_mean_13bits,direction,rad,2.293,43.4377,-70.3491167,0x429b27d9
2026-08-02T21:05:31.000Z,2,aanderaa_temperature_mean_13bits,temperature,°C,17.57,43.4377,-70.3491167,0x429b27d9
2026-08-02T21:05:31.000Z,2,aanderaa_abs_speed_std_15bits,speed,cm/s,2.65,43.4377,-70.3491167,0x429b27d9
2026-08-02T21:05:31.000Z,2,aanderaa_abs_speed_mean_15bits,speed,cm/s,5.19,43.4377,-70.3491167,0x429b27d9
2026-08-02T21:05:31.000Z,1,bm_soft_temperature_mean_13bits,temperature,°C,19.560000000000002,43.4377,-70.3491167,0x429b27d9
2026-08-02T21:05:31.000Z,2,aanderaa_abs_tilt_mean_8bits,tilt,rad,0.09,43.4377,-70.3491167,0x429b27d9
2026-08-02T21:35:31.000Z,2,aanderaa_temperature_mean_13bits,temperature,°C,17.22,43.4377,-70.3491167,0x429b27d9
2026-08-02T21:35:31.000Z,2,aanderaa_std_tilt_mean_8bits,tilt,rad,0.03,43.4377,-70.3491167,0x429b27d9
2026-08-02T21:35:31.000Z,2,aanderaa_reading_count_10bits,reading_count,count,5.0,43.4377,-70.3491167,0x429b27d9
2026-08-02T21:35:31.000Z,2,aanderaa_direction_circ_std_13bits,direction,rad,0.633,43.4377,-70.3491167,0x429b27d9
2026-08-02T21:35:31.000Z,2,aanderaa_direction_circ_mean_13bits,direction,rad,3.7880000000000003,43.4377,-70.3491167,0x429b27d9
2026-08-02T21:35:31.000Z,2,aanderaa_abs_speed_std_15bits,speed,cm/s,1.08,43.4377,-70.3491167,0x429b27d9
2026-08-02T21:35:31.000Z,2,aanderaa_abs_speed_mean_15bits,speed,cm/s,2.91,43.4377,-70.3491167,0x429b27d9
2026-08-02T21:35:31.000Z,1,bm_soft_temperature_mean_13bits,temperature,°C,19.35,43.4377,-70.3491167,0x429b27d9
2026-08-02T21:35:31.000Z,2,aanderaa_abs_tilt_mean_8bits,tilt,rad,0.14,43.4377,-70.3491167,0x429b27d9
2026-08-02T22:05:31.000Z,2,aanderaa_direction_circ_std_13bits,direction,rad,0.368,43.4377333,-70.3491667,0x429b27d9
2026-08-02T22:05:31.000Z,2,aanderaa_std_tilt_mean_8bits,tilt,rad,0.04,43.4377333,-70.3491667,0x429b27d9
2026-08-02T22:05:31.000Z,2,aanderaa_temperature_mean_13bits,temperature,°C,17.080000000000002,43.4377333,-70.3491667,0x429b27d9
2026-08-02T22:05:31.000Z,2,aanderaa_direction_circ_mean_13bits,direction,rad,2.548,43.4377333,-70.3491667,0x429b27d9
2026-08-02T22:05:31.000Z,2,aanderaa_reading_count_10bits,reading_count,count,5.0,43.4377333,-70.3491667,0x429b27d9
2026-08-02T22:05:31.000Z,2,aanderaa_abs_speed_std_15bits,speed,cm/s,0.8300000000000001,43.4377333,-70.3491667,0x429b27d9
2026-08-02T22:05:31.000Z,2,aanderaa_abs_speed_mean_15bits,speed,cm/s,6.8100000000000005,43.4377333,-70.3491667,0x429b27d9
2026-08-02T22:05:31.000Z,1,bm_soft_temperature_mean_13bits,temperature,°C,18.76,43.4377333,-70.3491667,0x429b27d9
2026-08-02T22:05:31.000Z,2,aanderaa_abs_tilt_mean_8bits,tilt,rad,0.19,43.4377333,-70.3491667,0x429b27d9
2026-08-02T22:35:31.000Z,2,aanderaa_temperature_mean_13bits,temperature,°C,17.330000000000002,43.4377333,-70.3491667,0x429b27d9
2026-08-02T22:35:31.000Z,2,aanderaa_std_tilt_mean_8bits,tilt,rad,0.04,43.4377333,-70.3491667,0x429b27d9
2026-08-02T22:35:31.000Z,2,aanderaa_reading_count_10bits,reading_count,count,5.0,43.4377333,-70.3491667,0x429b27d9
2026-08-02T22:35:31.000Z,2,aanderaa_direction_circ_std_13bits,direction,rad,0.267,43.4377333,-70.3491667,0x429b27d9
2026-08-02T22:35:31.000Z,2,aanderaa_direction_circ_mean_13bits,direction,rad,2.344,43.4377333,-70.3491667,0x429b27d9
2026-08-02T22:35:31.000Z,2,aanderaa_abs_speed_std_15bits,speed,cm/s,2.1,43.4377333,-70.3491667,0x429b27d9
2026-08-02T22:35:31.000Z,2,aanderaa_abs_speed_mean_15bits,speed,cm/s,6.95,43.4377333,-70.3491667,0x429b27d9
2026-08-02T22:35:31.000Z,1,bm_soft_temperature_mean_13bits,temperature,°C,18.79,43.4377333,-70.3491667,0x429b27d9
2026-08-02T22:35:31.000Z,2,aanderaa_abs_tilt_mean_8bits,tilt,rad,0.27,43.4377333,-70.3491667,0x429b27d9
2026-08-02T23:05:31.000Z,2,aanderaa_temperature_mean_13bits,temperature,°C,17.16,43.4377333,-70.3491667,0x429b27d9
2026-08-02T23:05:31.000Z,2,aanderaa_std_tilt_mean_8bits,tilt,rad,0.04,43.4377333,-70.3491667,0x429b27d9
2026-08-02T23:05:31.000Z,2,aanderaa_reading_count_10bits,reading_count,count,5.0,43.4377333,-70.3491667,0x429b27d9
2026-08-02T23:05:31.000Z,2,aanderaa_direction_circ_std_13bits,direction,rad,0.47000000000000003,43.4377333,-70.3491667,0x429b27d9
2026-08-02T23:05:31.000Z,2,aanderaa_abs_speed_std_15bits,speed,cm/s,2.0,43.4377333,-70.3491667,0x429b27d9
2026-08-02T23:05:31.000Z,2,aanderaa_abs_tilt_mean_8bits,tilt,rad,0.12,43.4377333,-70.3491667,0x429b27d9
2026-08-02T23:05:31.000Z,2,aanderaa_abs_speed_mean_15bits,speed,cm/s,4.51,43.4377333,-70.3491667,0x429b27d9
2026-08-02T23:05:31.000Z,1,bm_soft_temperature_mean_13bits,temperature,°C,18.740000000000002,43.4377333,-70.3491667,0x429b27d9
2026-08-02T23:05:31.000Z,2,aanderaa_direction_circ_mean_13bits,direction,rad,4.0520000000000005,43.4377333,-70.3491667,0x429b27d9
2026-08-02T23:35:31.000Z,2,aanderaa_std_tilt_mean_8bits,tilt,rad,0.03,43.4377333,-70.3491167,0x429b27d9
2026-08-02T23:35:31.000Z,1,bm_soft_temperature_mean_13bits,temperature,°C,18.6,43.4377333,-70.3491167,0x429b27d9
2026-08-02T23:35:31.000Z,2,aanderaa_abs_speed_mean_15bits,speed,cm/s,6.75,43.4377333,-70.3491167,0x429b27d9
2026-08-02T23:35:31.000Z,2,aanderaa_abs_speed_std_15bits,speed,cm/s,0.77,43.4377333,-70.3491167,0x429b27d9
2026-08-02T23:35:31.000Z,2,aanderaa_abs_tilt_mean_8bits,tilt,rad,0.16,43.4377333,-70.3491167,0x429b27d9
2026-08-02T23:35:31.000Z,2,aanderaa_direction_circ_mean_13bits,direction,rad,0.518,43.4377333,-70.3491167,0x429b27d9
2026-08-02T23:35:31.000Z,2,aanderaa_direction_circ_std_13bits,direction,rad,0.216,43.4377333,-70.3491167,0x429b27d9
2026-08-02T23:35:31.000Z,2,aanderaa_reading_count_10bits,reading_count,count,5.0,43.4377333,-70.3491167,0x429b27d9
2026-08-02T23:35:31.000Z,2,aanderaa_temperature_mean_13bits,temperature,°C,15.73,43.4377333,-70.3491167,0x429b27d9
